NAME: ber-38-2.txt
LOCATION: Berlin
COMMENT:  Sartori and Buriol (2019)
SIZE: 38
DEPOTS: 4
ROUTE-TIME: 240
TIME-WINDOW: 120
VEHICLES
<type>       <cw>        <mp>       
Light duty   3500        4000       
Medium duty  5500        12500      
Heavy duty   14000       26000      
NODES
<id>  <lt>         <lg>         <dem>    <lTW>    <uTW>    <dur>    <p>      <d>     
1     52.41387400  13.27436730  3160     31       151      20       0        14 34   
2     52.57485520  13.28607790  1680     184      304      20       0        15 37   
3     52.49359770  13.35164240  3320     245      365      20       0        16 33   
4     52.45347430  13.51895900  1320     187      307      20       0        17 29   
5     52.41815580  13.28021940  720      298      418      10       0        18      
6     52.47566750  13.38258180  4200     267      387      30       0        19 36 38 
7     52.43717970  13.24925450  2440     32       152      20       0        20 31   
8     52.48197450  13.34208980  3160     110      230      20       0        21 28   
9     52.44911980  13.31461880  5800     294      414      40       0        22 27 30 35 
10    52.57440120  13.28530330  1560     50       170      10       0        23      
11    52.41866520  13.28002700  640      38       158      10       0        24      
12    52.51105570  13.38943000  1480     0        480      10       0        25      
13    52.47850150  13.35671170  1960     117      237      20       0        26 32   
14    52.52858790  13.19164820  -1040    76       196      10       1        0       
15    52.41701040  13.25556940  -560     231      351      10       2        0       
16    52.46048390  13.57376370  -1200    289      409      10       3        0       
17    52.50399910  13.37060250  -840     221      341      10       4        0       
18    52.48067610  13.36159970  -720     324      444      10       5        0       
19    52.42278460  13.32276060  -2200    296      416      10       6        0       
20    52.43607530  13.29970400  -920     51       171      10       7        0       
21    52.52046380  13.33516780  -1800    131      251      10       8        0       
22    52.58194900  13.22355210  -440     337      432      10       9        0       
23    52.51390080  13.62461480  -1560    114      234      10       10       0       
24    52.45240590  13.24532770  -640     62       182      10       11       0       
25    52.54134460  13.42406940  -1480    0        480      10       12       0       
26    52.48212760  13.34697680  -1480    129      249      10       13       0       
27    52.50725340  13.28479560  -1560    35       155      10       9        0       
28    52.44528330  13.32149310  -1360    65       185      10       8        0       
29    52.55395940  13.43526150  -480     270      390      10       4        0       
30    52.42512030  13.27219620  -1560    337      437      10       9        0       
31    52.42196450  13.39995000  -1520    252      372      10       7        0       
32    52.44321480  13.27802410  -480     234      354      10       13       0       
33    52.46774830  13.56860570  -2120    68       188      10       3        0       
34    52.41641090  13.27738640  -2120    179      299      10       1        0       
35    52.47971270  13.38450100  -2240    259      379      10       9        0       
36    52.59271880  13.29868150  -1600    357      439      10       6        0       
37    52.44169160  13.50122890  -1120    309      429      10       2        0       
38    52.39836780  13.40524210  -400     263      383      10       6        0       
DEPOTS
<id>  <lt>         <lg>         <lTW>    <uTW>   
39    52.50076700  13.55308830  0        240     
40    52.58714290  13.39859010  0        240     
41    52.45818160  13.51188870  0        240     
42    52.51984920  13.38091320  0        240     
