NAME: ber-38-1.txt
LOCATION: Berlin
COMMENT:  Sartori and Buriol (2019)
SIZE: 38
DEPOTS: 4
ROUTE-TIME: 240
TIME-WINDOW: 60
VEHICLES
<type>       <cw>        <mp>       
Light duty   3500        4000       
Medium duty  5500        12500      
Heavy duty   14000       26000      
NODES
<id>  <lt>         <lg>         <dem>    <lTW>    <uTW>    <dur>    <p>      <d>     
1     52.56572710  13.34496640  3484     21       81       20       0        14 35   
2     52.48504600  13.56189730  663      150      210      10       0        15      
3     52.54210370  13.58862160  936      125      185      10       0        16      
4     52.55126110  13.36654610  3549     110      170      20       0        17 30   
5     52.49360630  13.55333550  3991     99       159      20       0        18 29   
6     52.56853360  13.35196760  5421     2        62       30       0        19 32 34 
7     52.53432200  13.55821270  1105     31       91       10       0        20      
8     52.54628570  13.58680940  2470     72       132      20       0        21 37   
9     52.52894710  13.55123440  962      108      168      10       0        22      
10    52.56863610  13.31241050  4875     0        240      40       0        23 33 36 38 
11    52.56420140  13.37016450  1794     151      211      30       0        24 28 31 
12    52.53566440  13.62231290  286      0        240      10       0        25      
13    52.49362830  13.56532290  3055     63       123      20       0        26 27   
14    52.53577120  13.59993960  -2067    125      185      10       1        0       
15    52.48887130  13.57022600  -663     163      207      10       2        0       
16    52.50703390  13.24041530  -936     185      220      10       3        0       
17    52.48279610  13.43972680  -2171    140      200      10       4        0       
18    52.58429820  13.30876660  -2314    154      214      10       5        0       
19    52.44612520  13.30369210  -1820    44       104      10       6        0       
20    52.51679030  13.61394920  -1105    51       111      10       7        0       
21    52.55855760  13.15846080  -754     141      201      10       8        0       
22    52.43606820  13.21922370  -962     177      219      10       9        0       
23    52.41198910  13.14584580  -1638    0        240      10       10       0       
24    52.52256640  13.23853700  -1222    179      219      10       11       0       
25    52.54153870  13.59462110  -286     0        240      10       12       0       
26    52.55910120  13.18110630  -2314    130      190      10       13       0       
27    52.54808050  13.43455650  -741     83       143      10       13       0       
28    52.63581680  13.29146470  -364     62       122      10       11       0       
29    52.44135070  13.57843320  -1677    0        240      10       5        0       
30    52.43785080  13.47285720  -1378    95       155      10       4        0       
31    52.52923300  13.13343410  -208     167      207      10       11       0       
32    52.38319320  13.42252330  -2327    111      171      10       6        0       
33    52.49075830  13.28698900  -221     126      186      10       10       0       
34    52.56752530  13.37490570  -1274    36       96       10       6        0       
35    52.54699330  13.36956500  -1417    101      161      10       1        0       
36    52.58480080  13.37773090  -1690    25       85       10       10       0       
37    52.49630170  13.47456700  -1716    168      217      10       8        0       
38    52.60147510  13.45202780  -1326    88       148      10       10       0       
DEPOTS
<id>  <lt>         <lg>         <lTW>    <uTW>   
39    52.44542600  13.37104110  0        240     
40    52.48189560  13.28884730  0        240     
41    52.40975000  13.65773450  0        240     
42    52.51428120  13.59613570  0        240     
