NAME: nyc-75-2.txt
LOCATION: New-York
COMMENT:  Sartori and Buriol (2019)
SIZE: 75
DEPOTS: 4
ROUTE-TIME: 240
TIME-WINDOW: 60
VEHICLES
<type>       <cw>        <mp>       
Light duty   3500        4000       
Medium duty  5500        12500      
Heavy duty   14000       26000      
NODES
<id>  <lt>         <lg>         <dem>    <lTW>    <uTW>    <dur>    <p>      <d>     
1     40.75442500  -73.99848900 1332     78       138      4        0        26 73   
2     40.76881000  -73.95832100 1332     135      195      4        0        27 55   
3     40.74789000  -73.98526000 666      26       86       2        0        28      
4     40.75826600  -73.97411300 1332     42       102      4        0        29 68   
5     40.76163100  -73.97876700 2664     104      164      6        0        30 53 61 
6     40.76818500  -73.96367600 666      128      188      2        0        31      
7     40.77664900  -73.98831900 3330     5        65       6        0        32 54 65 
8     40.72167200  -73.99990800 1998     135      195      2        0        33      
9     40.75624500  -73.97917200 2664     13       73       4        0        34 57   
10    40.78081500  -73.97282400 1332     125      185      4        0        35 69   
11    40.75328800  -73.97795100 1332     2        62       4        0        36 56   
12    40.76300400  -73.96274600 1332     85       145      4        0        37 63   
13    40.72800100  -73.98500800 1998     9        69       6        0        38 51 60 
14    40.76973000  -73.98375700 3996     4        64       10       0        39 52 62 67 74 
15    40.77085500  -73.86545600 1998     142      202      6        0        40 58 75 
16    40.78042200  -73.95198100 666      8        68       2        0        41      
17    40.71791100  -73.99974800 1332     143      203      2        0        42      
18    40.75049600  -73.96949800 1998     101      161      2        0        43      
19    40.73423000  -73.99927500 1332     132      192      4        0        44 70   
20    40.76771200  -73.92552200 666      47       107      2        0        45      
21    40.77034000  -73.86531800 1332     22       82       4        0        46 64   
22    40.77736300  -73.94619800 1332     16       76       4        0        47 72   
23    40.75029400  -73.98656500 666      47       107      2        0        48      
24    40.76118900  -73.96920800 3330     77       137      8        0        49 59 66 71 
25    40.73899100  -73.99155400 1332     6        66       2        0        50      
26    40.68795800  -74.18316700 -666     116      176      2        1        0       
27    40.75239600  -73.98935700 -666     161      221      2        2        0       
28    40.76769300  -73.98333700 -666     44       104      2        3        0       
29    40.76815400  -73.99296600 -666     63       123      2        4        0       
30    40.72308000  -73.99924500 -1332    129      189      2        5        0       
31    40.75219700  -73.99343900 -666     150      210      2        6        0       
32    40.76012400  -73.96855200 -666     25       85       2        7        0       
33    40.76313800  -73.97198500 -1998    169      229      2        8        0       
34    40.70969800  -74.01416800 -1332    46       106      2        9        0       
35    40.72560100  -74.00445600 -666     145      205      2        10       0       
36    40.76089100  -73.96930700 -666     20       80       2        11       0       
37    40.73881900  -73.99102000 -666     110      170      2        12       0       
38    40.75577900  -73.99107400 -666     28       88       2        13       0       
39    40.71827300  -74.00273900 -666     27       87       2        14       0       
40    40.69607900  -73.98780800 -666     167      227      2        15       0       
41    40.74131000  -73.99312600 -666     25       85       2        16       0       
42    40.69287900  -73.99813800 -1332    167      227      2        17       0       
43    40.76244000  -74.00016000 -1998    120      180      2        18       0       
44    40.75941800  -73.98513800 -666     169      229      2        19       0       
45    40.75187700  -73.97114600 -666     77       137      2        20       0       
46    40.83370600  -73.94138300 -666     43       103      2        21       0       
47    40.73927300  -73.98803700 -666     34       94       2        22       0       
48    40.70537600  -74.00472300 -666     65       125      2        23       0       
49    40.74271400  -74.00419600 -666     102      162      2        24       0       
50    40.71115100  -74.00911700 -1332    33       93       2        25       0       
51    40.75738100  -73.96973400 -666     71       131      2        13       0       
52    40.74975600  -73.99349200 -666     71       131      2        14       0       
53    40.77619600  -73.95996100 -666     150      210      2        5        0       
54    40.72744800  -74.00547800 -1998    172      232      2        7        0       
55    40.74854300  -73.94533500 -666     38       98       2        2        0       
56    40.75141500  -73.99041000 -666     20       80       2        11       0       
57    40.75581700  -73.97309100 -1332    156      216      2        9        0       
58    40.77289200  -73.95812200 -666     25       85       2        15       0       
59    40.74450700  -74.00069400 -1332    165      225      2        24       0       
60    40.74442300  -73.98761700 -666     105      165      2        13       0       
61    40.75883100  -73.99368300 -666     156      216      2        5        0       
62    40.74305700  -73.99268300 -666     23       83       2        14       0       
63    40.74622300  -73.99671200 -666     142      202      2        12       0       
64    40.75030500  -73.99486500 -666     68       128      2        21       0       
65    40.76289700  -73.96028100 -666     148      208      2        7        0       
66    40.72398800  -74.00326500 -666     142      202      2        24       0       
67    40.74004700  -73.98197900 -666     159      219      2        14       0       
68    40.75962400  -73.98125500 -666     160      220      2        4        0       
69    40.64363500  -73.78380600 -666     74       134      2        10       0       
70    40.72873300  -74.00682800 -666     26       86       2        19       0       
71    40.71443600  -74.01155900 -666     64       124      2        24       0       
72    40.72411300  -74.00008400 -666     162      222      2        22       0       
73    40.72375900  -74.00347100 -666     27       87       2        1        0       
74    40.76823000  -73.86155700 -1332    124      184      2        14       0       
75    40.71496200  -74.00550100 -666     110      170      2        15       0       
DEPOTS
<id>  <lt>         <lg>         <lTW>    <uTW>   
76    40.75531000  -73.97998800 0        240     
77    40.75672900  -73.97334300 0        240     
78    40.76823000  -73.86155700 0        240     
79    40.71496200  -74.00550100 0        240     
