NAME: nyc-75-1.txt
LOCATION: New-York
COMMENT:  Sartori and Buriol (2019)
SIZE: 75
DEPOTS: 4
ROUTE-TIME: 240
TIME-WINDOW: 30
VEHICLES
<type>       <cw>        <mp>       
Light duty   3500        4000       
Medium duty  5500        12500      
Heavy duty   14000       26000      
NODES
<id>  <lt>         <lg>         <dem>    <lTW>    <uTW>    <dur>    <p>      <d>     
1     40.78147900  -73.95216400 1332     31       61       4        0        26 69   
2     40.75847200  -73.98519100 2664     12       42       2        0        27      
3     40.78892500  -73.94055900 5994     9        39       10       0        28 60 64 71 75 
4     40.74179500  -73.90491500 1332     22       52       4        0        29 70   
5     40.75106800  -73.99398000 666      119      149      2        0        30      
6     40.75342900  -73.97871400 666      136      166      2        0        31      
7     40.76530800  -73.99748200 3330     47       77       4        0        32 68   
8     40.75089600  -73.99449200 1332     47       77       4        0        33 61   
9     40.78080400  -73.98162100 1332     10       40       4        0        34 54   
10    40.78011700  -73.98157500 1332     164      194      4        0        35 63   
11    40.76009400  -73.97193900 2664     4        34       6        0        36 67 73 
12    40.73971900  -73.99502600 2664     13       43       8        0        37 57 66 74 
13    40.77068300  -73.95699300 1998     183      213      6        0        38 52 56 
14    40.75012600  -73.99153100 1998     90       120      4        0        39 51   
15    40.74957300  -73.99239300 1998     46       76       4        0        40 65   
16    40.77935800  -73.94731100 1998     95       125      4        0        41 58   
17    40.76923000  -73.96956600 1332     6        36       4        0        42 72   
18    40.73772800  -73.99256100 1332     122      152      2        0        43      
19    40.75637800  -73.99005900 1998     97       127      6        0        44 55 62 
20    40.75113700  -73.99062300 1332     138      168      4        0        45 53   
21    40.77928500  -73.94776200 666      8        38       2        0        46      
22    40.74870700  -73.99130200 666      5        35       2        0        47      
23    40.76790600  -73.95919800 666      102      132      2        0        48      
24    40.77404400  -73.87284900 666      127      157      2        0        49      
25    40.75017200  -73.99168400 1332     39       69       4        0        50 59   
26    40.84122100  -73.93978100 -666     48       78       2        1        0       
27    40.71054800  -74.01059000 -2664    39       69       2        2        0       
28    40.75129300  -73.99025700 -1332    34       64       2        3        0       
29    40.76456800  -73.95835900 -666     46       76       2        4        0       
30    40.78852500  -73.95504000 -666     144      174      2        5        0       
31    40.74946600  -73.99160000 -666     154      184      2        6        0       
32    40.60759700  -74.01674700 -2664    80       110      2        7        0       
33    40.76032600  -73.97219100 -666     67       97       2        8        0       
34    40.75502800  -73.96836900 -666     30       60       2        9        0       
35    40.76409900  -73.95903000 -666     195      225      2        10       0       
36    40.74782200  -74.00380700 -666     21       51       2        11       0       
37    40.76645300  -73.98155200 -666     33       63       2        12       0       
38    40.72287000  -73.99491100 -666     203      233      2        13       0       
39    40.76524700  -73.97849300 -666     108      138      2        14       0       
40    40.80787300  -73.96396600 -666     65       95       2        15       0       
41    40.72254600  -74.00138900 -1332    118      148      2        16       0       
42    40.71509600  -74.01365700 -666     32       62       2        17       0       
43    40.75958600  -73.97193100 -1332    143      173      2        18       0       
44    40.74506800  -73.98793800 -666     125      155      2        19       0       
45    40.72350300  -73.99851200 -666     161      191      2        20       0       
46    40.76573900  -73.97959100 -666     29       59       2        21       0       
47    40.70870600  -74.01110800 -666     28       58       2        22       0       
48    40.74837100  -73.98474900 -666     121      151      2        23       0       
49    40.74484600  -73.83731100 -666     146      176      2        24       0       
50    40.76253900  -73.97953800 -666     60       90       2        25       0       
51    40.71126900  -74.00972700 -1332    59       89       2        14       0       
52    40.77442200  -73.94547300 -666     116      146      2        13       0       
53    40.73417700  -73.99974800 -666     30       60       2        20       0       
54    40.81689500  -73.91071300 -666     152      182      2        9        0       
55    40.74330100  -73.98925800 -666     45       75       2        19       0       
56    40.75985300  -73.97982000 -666     27       57       2        13       0       
57    40.74683400  -73.98243700 -666     183      213      2        12       0       
58    40.74684100  -73.97940800 -666     178      208      2        16       0       
59    40.72870300  -73.98414600 -666     114      144      2        25       0       
60    40.76501100  -73.98151400 -2664    205      235      2        3        0       
61    40.85547300  -73.82278400 -666     55       85       2        8        0       
62    40.75632100  -73.97049700 -666     36       66       2        19       0       
63    40.72519300  -73.99499500 -666     31       61       2        10       0       
64    40.72328900  -73.99921400 -666     58       88       2        3        0       
65    40.70977000  -74.01027700 -1332    70       100      2        15       0       
66    40.76190600  -73.96838400 -666     42       72       2        12       0       
67    40.76090600  -73.97478500 -666     27       57       2        11       0       
68    40.75149200  -73.96872700 -666     164      194      2        7        0       
69    40.71911200  -74.00212100 -666     35       65       2        1        0       
70    40.78334400  -73.97863000 -666     58       88       2        4        0       
71    40.64382600  -73.79035900 -666     147      177      2        3        0       
72    40.76036800  -73.99129500 -666     54       84       2        17       0       
73    40.70975100  -74.01477800 -1332    165      195      2        11       0       
74    40.75075500  -73.97032900 -666     82       112      2        12       0       
75    40.76315700  -73.97724200 -666     174      204      2        3        0       
DEPOTS
<id>  <lt>         <lg>         <lTW>    <uTW>   
76    40.75836600  -73.98626700 0        240     
77    40.75699200  -73.97759200 0        240     
78    40.75075500  -73.97032900 0        240     
79    40.76315700  -73.97724200 0        240     
