NAME: poa-150-1.txt
LOCATION: Porto-Alegre
COMMENT:  Sartori and Buriol (2019)
SIZE: 150
DEPOTS: 4
ROUTE-TIME: 240
TIME-WINDOW: 60
VEHICLES
<type>       <cw>        <mp>       
Light duty   3500        4000       
Medium duty  5500        12500      
Heavy duty   14000       26000      
NODES
<id>  <lt>         <lg>         <dem>    <lTW>    <uTW>    <dur>    <p>      <d>     
1     -30.16135050 -51.18203900 1898     64       124      5        0        51      
2     -30.11153730 -51.23046620 962      95       155      5        0        52      
3     -30.03695900 -51.12635510 3055     139      199      10       0        53 139  
4     -30.07116960 -51.23449320 3016     75       135      15       0        54 121 140 
5     -30.00345910 -51.20193660 1352     0        240      5        0        55      
6     -30.02153560 -51.10978430 5265     66       126      15       0        56 137 142 
7     -30.03160630 -51.13439590 1560     58       118      5        0        57      
8     -30.03291210 -51.11538520 715      10       70       5        0        58      
9     -30.03377940 -51.13216460 2860     0        49       10       0        59 105  
10    -30.01317400 -51.12006280 2873     125      185      10       0        60 123  
11    -30.02309270 -51.12169930 4329     161      221      20       0        61 118 125 126 
12    -30.04650370 -51.13165870 1820     110      170      10       0        62 113  
13    -30.02818590 -51.08903900 1196     74       134      10       0        63 124  
14    -30.03576520 -51.10568080 1261     92       152      5        0        64      
15    -30.06510550 -51.22407940 663      0        240      5        0        65      
16    -30.04016480 -51.12223630 1157     134      194      5        0        66      
17    -30.02602630 -51.09878360 1755     0        53       5        0        67      
18    -30.02185530 -51.12943280 3159     32       92       10       0        68 122  
19    -30.03946000 -51.13996680 6279     0        240      25       0        69 102 109 149 150 
20    -30.03764040 -51.11117210 2886     0        240      10       0        70 127  
21    -30.03957740 -51.13147970 4654     26       86       15       0        71 115 128 
22    -30.16359740 -51.18980150 572      44       104      5        0        72      
23    -29.99975130 -51.19853260 1287     0        240      5        0        73      
24    -30.00761350 -51.20734180 1612     64       124      15       0        74 103 104 
25    -30.10142190 -51.22214200 4108     132      192      15       0        75 112 145 
26    -30.03850030 -51.10794650 325      142      202      5        0        76      
27    -30.07237270 -51.23453610 5720     138      198      15       0        77 117 146 
28    -30.03717700 -51.10459840 377      35       95       5        0        78      
29    -30.11709720 -51.22890590 611      50       110      10       0        79 135  
30    -30.12729810 -51.24213840 5668     0        58       15       0        80 120 130 
31    -30.08489260 -51.22357630 1404     40       100      10       0        81 106  
32    -30.08127710 -51.22397800 4680     0        240      20       0        82 116 119 134 
33    -30.03654380 -51.11037550 3003     161      221      10       0        83 141  
34    -30.06955630 -51.22356730 1508     158      218      5        0        84      
35    -30.01775010 -51.10878670 2327     0        46       15       0        85 101 131 
36    -30.00214820 -51.09514280 2041     19       79       5        0        86      
37    -30.00195050 -51.10249120 2301     0        46       5        0        87      
38    -30.03567710 -51.09925830 1846     165      225      15       0        88 147 148 
39    -30.08904590 -51.22377370 1352     99       159      10       0        89 114  
40    -30.10146690 -51.22427360 1742     0        240      10       0        90 108  
41    -30.00161090 -51.19241790 2743     65       125      10       0        91 133  
42    -30.03020160 -51.11683970 1092     31       91       5        0        92      
43    -30.02223140 -51.14889200 1157     163      223      5        0        93      
44    -30.07992740 -51.21645490 2457     0        240      10       0        94 143  
45    -30.02428410 -51.08645080 4524     150      210      15       0        95 111 138 
46    -30.02913150 -51.19001060 1781     32       92       5        0        96      
47    -30.04438270 -51.12765250 5915     1        61       20       0        97 107 110 136 
48    -30.06812130 -51.17281780 1898     25       85       5        0        98      
49    -30.02931940 -51.12817650 2132     3        63       10       0        99 129  
50    -30.08090470 -51.22715490 3328     32       92       15       0        100 132 144 
51    -30.14856480 -51.10708020 -1898    96       156      5        1        0       
52    -30.11205440 -51.23197460 -962     102      162      5        2        0       
53    -30.02612050 -51.12654370 -1508    154      214      5        3        0       
54    -30.07875490 -51.22894880 -1027    85       145      5        4        0       
55    -30.01099790 -51.19841970 -1352    0        240      5        5        0       
56    -30.02549410 -51.10058340 -1105    74       134      5        6        0       
57    -30.02644010 -51.13178560 -1560    65       125      5        7        0       
58    -30.03758870 -51.09690450 -715     29       89       5        8        0       
59    -30.02246540 -51.13920330 -741     60       120      5        9        0       
60    -30.00866690 -51.11820290 -1703    133      193      5        10       0       
61    -30.03569440 -51.12284950 -2184    171      224      5        11       0       
62    -30.02967810 -51.13318900 -338     121      181      5        12       0       
63    -30.00904710 -51.09560930 -312     148      208      5        13       0       
64    -30.04688860 -51.10776740 -1261    107      167      5        14       0       
65    -30.05969490 -51.22693170 -663     0        240      5        15       0       
66    -30.03191840 -51.11702410 -1157    143      203      5        16       0       
67    -30.01756020 -51.10141760 -1755    11       71       5        17       0       
68    -30.03558650 -51.15298090 -1313    47       107      5        18       0       
69    -30.02280080 -51.12864680 -832     0        240      5        19       0       
70    -30.03349300 -51.11416250 -1391    0        240      5        20       0       
71    -30.03862520 -51.13181630 -2145    93       153      5        21       0       
72    -30.15219330 -51.16867540 -572     58       118      5        22       0       
73    -29.98784450 -51.20077570 -1287    0        240      5        23       0       
74    -30.01467550 -51.20674030 -1066    132      192      5        24       0       
75    -30.12333060 -51.21720590 -689     143      203      5        25       0       
76    -30.03530120 -51.12349470 -325     153      213      5        26       0       
77    -30.08196710 -51.22783280 -1846    151      211      5        27       0       
78    -30.03891340 -51.10575410 -377     43       103      5        28       0       
79    -30.11364160 -51.24747100 -273     63       123      5        29       0       
80    -30.13656700 -51.21516710 -2041    12       72       5        30       0       
81    -30.09164470 -51.24587020 -130     54       114      5        31       0       
82    -30.08281930 -51.22738550 -2249    0        240      5        32       0       
83    -30.03320740 -51.11005870 -2288    170      222      5        33       0       
84    -30.08678410 -51.23892270 -1508    171      218      5        34       0       
85    -30.01746660 -51.10106890 -858     9        69       5        35       0       
86    -30.02277370 -51.09536170 -2041    33       93       5        36       0       
87    -30.00580300 -51.11517330 -2301    11       71       5        37       0       
88    -30.03277910 -51.11808420 -663     177      224      5        38       0       
89    -30.15157680 -51.20272820 -234     118      178      5        39       0       
90    -30.13040120 -51.20556190 -1599    0        240      5        40       0       
91    -30.01513050 -51.19531210 -1482    77       137      5        41       0       
92    -30.02997110 -51.11696200 -1092    37       97       5        42       0       
93    -30.04470300 -51.15039560 -1157    175      227      5        43       0       
94    -30.06402620 -51.21482620 -572     0        240      5        44       0       
95    -30.01856670 -51.12236060 -819     169      227      5        45       0       
96    -30.00322740 -51.18657320 -1781    45       105      5        46       0       
97    -30.02632750 -51.14656520 -1144    15       75       5        47       0       
98    -30.07159370 -51.21066210 -1898    42       102      5        48       0       
99    -30.05028130 -51.13160510 -1300    18       78       5        49       0       
100   -30.07600760 -51.23027210 -936     40       100      5        50       0       
101   -30.02108220 -51.16846020 -923     0        240      5        35       0       
102   -30.02496160 -51.12797810 -533     31       91       5        19       0       
103   -30.02541590 -51.10949980 -221     124      184      5        24       0       
104   -29.99721330 -51.19022510 -325     120      180      5        24       0       
105   -30.16126920 -51.18113640 -2119    55       115      5        9        0       
106   -30.01071120 -51.19701980 -1274    11       71       5        31       0       
107   -30.08656340 -51.23067000 -1534    0        240      5        47       0       
108   -30.10793480 -51.22015850 -143     133      193      5        40       0       
109   -30.16049810 -51.17778640 -728     85       145      5        19       0       
110   -30.00473430 -51.10734480 -2262    82       142      5        47       0       
111   -30.10447930 -51.23329000 -2197    50       110      5        45       0       
112   -30.02009990 -51.11543710 -1248    0        240      5        25       0       
113   -30.03726010 -51.12287480 -1482    0        240      5        12       0       
114   -30.03475780 -51.11815390 -1118    45       105      5        39       0       
115   -30.02608000 -51.11395220 -2093    83       143      5        21       0       
116   -30.03257880 -51.11974030 -1157    38       98       5        32       0       
117   -30.04613080 -51.13169660 -2236    51       111      5        27       0       
118   -30.08285770 -51.23190730 -455     103      163      5        11       0       
119   -30.03555780 -51.12042160 -923     100      160      5        32       0       
120   -30.04334140 -51.14478170 -2158    138      198      5        30       0       
121   -29.99969010 -51.14544000 -1157    0        240      5        4        0       
122   -30.03023320 -51.11212540 -1846    145      205      5        18       0       
123   -30.01770100 -51.10143070 -1170    53       113      5        10       0       
124   -30.10775900 -51.24333810 -884     129      189      5        13       0       
125   -30.02517210 -51.12728770 -221     30       90       5        11       0       
126   -30.01781530 -51.09321910 -1469    147      207      5        11       0       
127   -30.02927320 -51.12784310 -1495    60       120      5        20       0       
128   -30.16042420 -51.17301020 -416     63       123      5        21       0       
129   -30.02328100 -51.11123860 -832     144      204      5        49       0       
130   -30.07276590 -51.22381340 -1469    39       99       5        30       0       
131   -30.11190040 -51.24060450 -546     180      214      5        35       0       
132   -30.09186960 -51.24271140 -1144    99       159      5        50       0       
133   -30.01883550 -51.13501780 -1261    167      227      5        41       0       
134   -30.02344760 -51.12195280 -351     141      201      5        32       0       
135   -30.02451570 -51.20265970 -338     14       74       5        29       0       
136   -30.04157840 -51.10598100 -975     129      189      5        47       0       
137   -30.01955050 -51.10034470 -2249    111      171      5        6        0       
138   -30.08224210 -51.22901750 -1508    72       132      5        45       0       
139   -30.01749180 -51.19455170 -1547    117      177      5        3        0       
140   -30.04575770 -51.13265630 -832     128      188      5        4        0       
141   -30.00497090 -51.20632120 -715     132      192      5        33       0       
142   -30.16621090 -51.18662960 -1911    122      182      5        6        0       
143   -30.01637280 -51.12808690 -1885    48       108      5        44       0       
144   -30.01525220 -51.12215920 -1248    14       74       5        50       0       
145   -30.03553180 -51.13123050 -2171    72       132      5        25       0       
146   -30.11366400 -51.23635740 -1638    91       151      5        27       0       
147   -30.03680450 -51.11148820 -923     49       109      5        38       0       
148   -30.03729620 -51.14469730 -260     18       78       5        38       0       
149   -30.11034650 -51.22342700 -2067    49       109      5        19       0       
150   -30.09794700 -51.23707310 -2119    169      217      5        19       0       
DEPOTS
<id>  <lt>         <lg>         <lTW>    <uTW>   
151   -30.00569480 -51.17902360 0        240     
152   -30.11608220 -51.24098160 0        240     
153   -30.11034650 -51.22342700 0        240     
154   -30.09794700 -51.23707310 0        240     
