NAME: poa-113-1.txt
LOCATION: Porto-Alegre
COMMENT:  Sartori and Buriol (2019)
SIZE: 113
DEPOTS: 4
ROUTE-TIME: 240
TIME-WINDOW: 60
VEHICLES
<type>       <cw>        <mp>       
Light duty   3500        4000       
Medium duty  5500        12500      
Heavy duty   14000       26000      
NODES
<id>  <lt>         <lg>         <dem>    <lTW>    <uTW>    <dur>    <p>      <d>     
1     -30.10262950 -51.19828780 1729     51       111      15       0        39      
2     -30.04237040 -51.14522990 1560     75       135      15       0        40      
3     -30.03577130 -51.16105390 4108     92       152      45       0        41 79 112 
4     -30.02008680 -51.14800370 611      0        42       15       0        42      
5     -30.06881050 -51.14265470 3796     148      208      30       0        43 77   
6     -30.05197700 -51.20274230 1677     20       80       15       0        44      
7     -30.04265380 -51.15596990 936      0        42       15       0        45      
8     -30.00419620 -51.14941670 403      81       141      15       0        46      
9     -30.07710830 -51.22406700 2067     11       71       45       0        47 102 104 
10    -30.03550530 -51.19318920 2613     6        66       30       0        48 86   
11    -30.04752580 -51.15926270 2704     33       93       45       0        49 84 98 
12    -30.03708550 -51.14911320 2535     0        47       45       0        50 85 87 
13    -30.07720820 -51.16912280 1924     0        57       30       0        51 92   
14    -30.10089600 -51.20288160 468      39       99       15       0        52      
15    -30.03398610 -51.14959780 3783     25       85       45       0        53 100 105 
16    -30.02488630 -51.14452680 2002     140      200      30       0        54 107  
17    -30.01236620 -51.13103540 4771     62       122      45       0        55 96 111 
18    -30.09765820 -51.23664100 6084     123      183      60       0        56 78 80 82 
19    -30.05129800 -51.16226150 3250     40       100      30       0        57 103  
20    -30.04183360 -51.15342490 1417     0        40       15       0        58      
21    -30.04462090 -51.13538220 1274     0        55       15       0        59      
22    -30.03101420 -51.15342540 1833     32       92       15       0        60      
23    -30.01136730 -51.15952590 3276     92       152      45       0        61 89 93 
24    -30.18340610 -51.18673530 7345     50       110      60       0        62 91 110 113 
25    -30.05208290 -51.15264070 2171     40       100      15       0        63      
26    -30.05970010 -51.16956330 1131     153      213      15       0        64      
27    -30.08722170 -51.21515760 2054     24       84       15       0        65      
28    -30.04573540 -51.12948120 3432     35       95       30       0        66 90   
29    -30.03735880 -51.17541690 1716     0        240      15       0        67      
30    -30.07945140 -51.21615040 286      42       102      15       0        68      
31    -30.04599030 -51.14887790 4875     61       121      45       0        69 83 99 
32    -30.03535310 -51.14309440 1326     0        40       15       0        70      
33    -30.04473320 -51.17983930 3757     0        47       45       0        71 97 101 
34    -30.03625640 -51.15559220 533      91       151      15       0        72      
35    -30.01786230 -51.16300430 3913     92       152      45       0        73 81 106 
36    -30.03303600 -51.16154810 6513     140      200      60       0        74 88 95 108 
37    -30.04936350 -51.15647210 806      76       136      15       0        75      
38    -30.03363060 -51.11201410 2951     125      185      45       0        76 94 109 
39    -30.09526010 -51.22804970 -1729    136      196      15       1        0       
40    -30.03075140 -51.13771240 -1560    95       155      15       2        0       
41    -30.04892150 -51.15676140 -1001    113      173      15       3        0       
42    -30.05189670 -51.15171980 -611     24       84       15       4        0       
43    -30.00850030 -51.11472230 -2262    179      229      15       5        0       
44    -30.02301250 -51.08669920 -1677    69       129      15       6        0       
45    -30.09957500 -51.19041370 -936     37       97       15       7        0       
46    -30.13004370 -51.23482780 -403     136      196      15       8        0       
47    -30.03556350 -51.20663850 -1014    42       102      15       9        0       
48    -30.03292200 -51.22005000 -1872    29       89       15       10       0       
49    -30.04161200 -51.16338460 -1612    112      172      15       11       0       
50    -30.07819910 -51.23109720 -1001    36       96       15       12       0       
51    -30.03271590 -51.15562000 -1573    29       89       15       13       0       
52    -30.09090520 -51.21171730 -468     67       127      15       14       0       
53    -29.97900910 -51.19564220 -1872    56       116      15       15       0       
54    -30.06488920 -51.15695520 -1157    168      228      15       16       0       
55    -30.04620850 -51.15055980 -338     88       148      15       17       0       
56    -30.10801900 -51.10534840 -2145    167      224      15       18       0       
57    -29.99212030 -51.10516880 -1248    74       134      15       19       0       
58    -30.03893700 -51.14129670 -1417    20       80       15       20       0       
59    -30.11267520 -51.15429720 -1274    37       97       15       21       0       
60    -30.03450230 -51.14303860 -1833    52       112      15       22       0       
61    -29.98267040 -51.13683570 -442     117      177      15       23       0       
62    -30.13057390 -51.20015960 -2015    85       145      15       24       0       
63    -29.98469840 -51.19345080 -2171    72       132      15       25       0       
64    -30.01473220 -51.13874280 -1131    182      230      15       26       0       
65    -30.01057370 -51.20724370 -2054    60       120      15       27       0       
66    -30.02255080 -51.19474210 -1482    68       128      15       28       0       
67    -30.07980940 -51.16107730 -1716    0        240      15       29       0       
68    -30.09382100 -51.24402850 -286     67       127      15       30       0       
69    -30.01782360 -51.14667190 -2340    84       144      15       31       0       
70    -29.99603840 -51.09171100 -1326    35       95       15       32       0       
71    -30.02754460 -51.14841150 -156     25       85       15       33       0       
72    -30.05265980 -51.14666750 -533     112      172      15       34       0       
73    -30.00414730 -51.19965080 -1482    116      176      15       35       0       
74    -30.05341590 -51.15247830 -1664    165      225      15       36       0       
75    -30.07046770 -51.19527940 -806     101      161      15       37       0       
76    -29.97692470 -51.19674570 -247     164      219      15       38       0       
77    -30.14461940 -51.10686630 -1534    124      184      15       5        0       
78    -29.99173360 -51.12225710 -2067    110      170      15       18       0       
79    -30.04177950 -51.19086040 -962     166      226      15       3        0       
80    -30.02189100 -51.18144970 -416     26       86       15       18       0       
81    -30.00406790 -51.17316390 -1287    55       115      15       35       0       
82    -30.10869820 -51.22999880 -1456    54       114      15       18       0       
83    -30.03613920 -51.15543670 -2327    111      171      15       31       0       
84    -29.99237310 -51.13564180 -871     154      214      15       11       0       
85    -30.10000950 -51.14070010 -1404    135      195      15       12       0       
86    -30.06712140 -51.16384010 -741     156      216      15       10       0       
87    -30.11754260 -51.24936070 -130     85       145      15       12       0       
88    -30.13111680 -51.20323530 -1924    114      174      15       36       0       
89    -30.01574570 -51.21033170 -1677    30       90       15       23       0       
90    -30.05348560 -51.21707630 -1950    168      224      15       28       0       
91    -30.03280830 -51.15809460 -1716    102      162      15       24       0       
92    -30.07936090 -51.23566030 -351     84       144      15       13       0       
93    -30.11271410 -51.25467970 -1157    96       156      15       23       0       
94    -30.04215190 -51.14761990 -1976    0        240      15       38       0       
95    -30.01562860 -51.11271640 -1079    39       99       15       36       0       
96    -30.01827420 -51.09824750 -2327    111      171      15       17       0       
97    -30.00217460 -51.16036860 -2106    19       79       15       33       0       
98    -30.01079330 -51.17599140 -221     171      229      15       11       0       
99    -30.09752550 -51.22710580 -208     128      188      15       31       0       
100   -30.04088800 -51.15820400 -364     135      195      15       15       0       
101   -30.09568470 -51.13952580 -1495    107      167      15       33       0       
102   -30.01848470 -51.15452000 -455     120      180      15       9        0       
103   -29.99360500 -51.13688290 -2002    173      226      15       19       0       
104   -30.09916810 -51.24701860 -598     85       145      15       9        0       
105   -29.99090950 -51.13045720 -1547    129      189      15       15       0       
106   -30.03348260 -51.12020810 -1144    26       86       15       35       0       
107   -30.02258330 -51.09585560 -845     0        240      15       16       0       
108   -30.22604100 -51.06877550 -1846    108      168      15       36       0       
109   -30.06278710 -51.15469890 -728     123      183      15       38       0       
110   -30.00402220 -51.14374760 -1612    63       123      15       24       0       
111   -29.98181440 -51.13726480 -2106    178      223      15       17       0       
112   -30.02779620 -51.15297090 -2145    140      200      15       3        0       
113   -30.03933380 -51.14021630 -2002    193      236      15       24       0       
DEPOTS
<id>  <lt>         <lg>         <lTW>    <uTW>   
114   -30.04997380 -51.14345760 0        240     
115   -30.01185450 -51.17159040 0        240     
116   -30.14531390 -51.20953910 0        240     
117   -30.21424420 -51.17875330 0        240     
