NAME: poa-150-2.txt
LOCATION: Porto-Alegre
COMMENT:  Sartori and Buriol (2019)
SIZE: 150
DEPOTS: 4
ROUTE-TIME: 240
TIME-WINDOW: 120
VEHICLES
<type>       <cw>        <mp>       
Light duty   3500        4000       
Medium duty  5500        12500      
Heavy duty   14000       26000      
NODES
<id>  <lt>         <lg>         <dem>    <lTW>    <uTW>    <dur>    <p>      <d>     
1     -30.05779060 -51.15252550 1456     45       165      10       0        51 139  
2     -30.15566830 -51.21743160 2925     0        86       10       0        52 134  
3     -30.12498820 -51.21770820 468      19       139      10       0        53 115  
4     -30.02228660 -51.17187680 5759     0        115      15       0        54 113 118 
5     -30.07157260 -51.21780580 2522     31       151      10       0        55 126  
6     -30.07013040 -51.15162560 1989     50       170      10       0        56 124  
7     -30.01039610 -51.19310740 702      88       208      5        0        57      
8     -30.15325390 -51.16312270 2184     0        97       10       0        58 145  
9     -30.10098620 -51.14064440 1599     137      240      10       0        59 116  
10    -30.02825350 -51.22571280 1755     124      240      5        0        60      
11    -30.15995260 -51.14339820 3432     88       208      15       0        61 127 150 
12    -30.11748060 -51.10720800 1976     0        120      5        0        62      
13    -30.03708550 -51.14911320 1313     128      240      5        0        63      
14    -30.01357100 -51.17620720 5941     66       186      20       0        64 105 114 131 
15    -30.04124820 -51.17793790 143      0        103      5        0        65      
16    -30.04287610 -51.09366700 4550     0        84       10       0        66 121  
17    -30.08053620 -51.19430040 3731     0        240      10       0        67 111  
18    -30.03920040 -51.14046040 1846     110      230      10       0        68 103  
19    -30.01977740 -51.10779230 2314     39       159      10       0        69 148  
20    -30.09014210 -51.19534730 2223     0        85       10       0        70 110  
21    -30.11267030 -51.16098140 3406     41       161      10       0        71 106  
22    -30.01048180 -51.19620800 975      36       156      5        0        72      
23    -30.13329680 -51.20192170 5382     0        107      20       0        73 123 129 130 
24    -30.06394790 -51.14258590 1222     12       132      5        0        74      
25    -30.09449310 -51.17404330 2561     21       141      10       0        75 104  
26    -30.10171170 -51.22961920 1690     0        80       10       0        76 101  
27    -30.16801400 -51.19315370 2587     49       169      10       0        77 132  
28    -29.98160150 -51.13417370 4043     83       203      10       0        78 112  
29    -30.00696620 -51.14330310 1586     0        240      5        0        79      
30    -30.11232840 -51.23500460 1456     0        89       10       0        80 146  
31    -30.03218120 -51.11803430 3848     57       177      15       0        81 136 142 
32    -29.99357120 -51.13853960 585      106      226      5        0        82      
33    -30.01796190 -51.11180580 1144     0        100      10       0        83 141  
34    -30.03513520 -51.11387920 2327     58       178      10       0        84 120  
35    -30.06570650 -51.22513740 6890     45       165      25       0        85 117 125 135 149 
36    -30.07572420 -51.22294280 2470     0        240      10       0        86 147  
37    -30.14051350 -51.21278200 2223     115      235      5        0        87      
38    -30.15225780 -51.13586950 1235     0        116      10       0        88 108  
39    -30.05595960 -51.18129210 780      99       219      5        0        89      
40    -29.98946720 -51.19643160 1534     91       211      5        0        90      
41    -30.18586430 -51.19424610 1690     129      240      10       0        91 102  
42    -30.15946860 -51.22562980 2925     17       137      15       0        92 107 109 
43    -30.09052090 -51.23779740 6279     24       144      15       0        93 119 137 
44    -30.03176510 -51.13833090 1079     0        240      5        0        94      
45    -30.16109440 -51.13730120 2366     0        240      10       0        95 122  
46    -30.07243740 -51.19522530 1144     0        104      5        0        96      
47    -30.13180510 -51.19257380 7436     2        122      25       0        97 128 133 140 144 
48    -30.02009990 -51.10966860 1105     26       146      5        0        98      
49    -30.06596300 -51.19168970 4472     81       201      15       0        99 138 143 
50    -29.97810860 -51.12483870 1001     98       218      5        0        100     
51    -30.03935140 -51.12383800 -1079    60       180      5        1        0       
52    -30.07649370 -51.22661080 -728     26       146      5        2        0       
53    -30.22842290 -51.05733160 -312     59       179      5        3        0       
54    -30.07894050 -51.19234610 -1976    22       142      5        4        0       
55    -30.03341770 -51.18663430 -2249    50       170      5        5        0       
56    -30.11053590 -51.10581240 -1105    69       189      5        6        0       
57    -30.03865490 -51.09971190 -702     125      213      5        7        0       
58    -30.03891560 -51.14220300 -1560    45       165      5        8        0       
59    -30.10270550 -51.13970550 -351     144      236      5        9        0       
60    -30.05569930 -51.15121100 -1755    148      224      5        10       0       
61    -30.05693760 -51.22667940 -1326    125      217      5        11       0       
62    -29.99399710 -51.13772320 -1976    40       160      5        12       0       
63    -30.01327770 -51.11227050 -1313    148      214      5        13       0       
64    -29.98657630 -51.13673070 -1014    84       204      5        14       0       
65    -30.04534790 -51.18668120 -143     9        129      5        15       0       
66    -30.03260510 -51.18657660 -2262    22       142      5        16       0       
67    -30.03625270 -51.09871000 -2015    0        240      5        17       0       
68    -30.11342690 -51.25842040 -507     141      215      5        18       0       
69    -30.17336810 -51.08635840 -1053    83       203      5        19       0       
70    -30.06740880 -51.23022100 -1690    22       142      5        20       0       
71    -30.04603200 -51.15302450 -1391    68       188      5        21       0       
72    -30.04452800 -51.14996920 -975     54       174      5        22       0       
73    -30.03693390 -51.18251710 -2093    31       151      5        23       0       
74    -30.03726170 -51.13553800 -1222    30       150      5        24       0       
75    -30.06806160 -51.18765190 -2301    41       161      5        25       0       
76    -30.00003170 -51.15531460 -1027    30       150      5        26       0       
77    -30.00406220 -51.20596990 -897     104      211      5        27       0       
78    -30.03174520 -51.20436460 -2145    106      216      5        28       0       
79    -29.99920390 -51.12640990 -1586    0        240      5        29       0       
80    -30.07651230 -51.17497420 -1092    29       149      5        30       0       
81    -29.99975570 -51.13803860 -1040    72       192      5        31       0       
82    -30.03999050 -51.18406820 -585     127      218      5        32       0       
83    -30.12566250 -51.20811110 -481     50       170      5        33       0       
84    -30.15260790 -51.13771410 -676     98       218      5        34       0       
85    -30.04757710 -51.22284380 -1469    56       176      5        35       0       
86    -30.15388320 -51.21923190 -1300    0        240      5        36       0       
87    -30.10524190 -51.11478790 -2223    160      229      5        37       0       
88    -30.03785740 -51.16379210 -299     51       171      5        38       0       
89    -30.05941060 -51.18496820 -780     107      221      5        39       0       
90    -30.02744150 -51.12860820 -1534    114      217      5        40       0       
91    -30.16456180 -51.13398510 -234     153      217      5        41       0       
92    -30.02527880 -51.10054680 -507     75       195      5        42       0       
93    -30.02248710 -51.09723690 -2301    60       180      5        43       0       
94    -30.00256470 -51.09765240 -1079    0        240      5        44       0       
95    -30.13487350 -51.20030680 -1326    0        240      5        45       0       
96    -30.07487950 -51.15383880 -1144    20       140      5        46       0       
97    -30.02626880 -51.09237690 -1001    59       179      5        47       0       
98    -30.23507010 -51.09539400 -1105    81       201      5        48       0       
99    -29.99359760 -51.13353930 -845     116      211      5        49       0       
100   -30.09876510 -51.23354380 -1001    136      218      5        50       0       
101   -30.02678750 -51.10963040 -663     143      215      5        26       0       
102   -30.02608900 -51.13280050 -1456    59       179      5        41       0       
103   -30.04954020 -51.21006280 -1339    14       134      5        18       0       
104   -29.99317090 -51.10425300 -260     24       144      5        25       0       
105   -30.03616290 -51.15663630 -1183    126      220      5        14       0       
106   -30.14902210 -51.14680780 -2015    57       177      5        21       0       
107   -30.06319910 -51.18765990 -1105    121      221      5        42       0       
108   -30.17556420 -51.19066630 -936     0        240      5        38       0       
109   -30.02308980 -51.17241160 -1313    109      215      5        42       0       
110   -29.99569440 -51.19023130 -533     51       171      5        20       0       
111   -29.98740730 -51.13114510 -1716    39       159      5        17       0       
112   -30.15978460 -51.17416390 -1898    114      220      5        28       0       
113   -30.07671200 -51.21308500 -1716    22       142      5        4        0       
114   -30.15379630 -51.14209670 -1586    46       166      5        14       0       
115   -30.11470090 -51.18246130 -156     35       155      5        3        0       
116   -30.08872030 -51.12321390 -1248    26       146      5        9        0       
117   -30.10390040 -51.24783650 -1404    0        240      5        35       0       
118   -30.15068470 -51.13723120 -2067    127      219      5        4        0       
119   -29.99480290 -51.10501120 -1924    62       182      5        43       0       
120   -30.02383880 -51.12526940 -1651    47       167      5        34       0       
121   -30.13028540 -51.21664900 -2288    122      221      5        16       0       
122   -30.01050390 -51.11309390 -1040    109      214      5        45       0       
123   -30.02818770 -51.21858970 -1027    101      215      5        23       0       
124   -30.02592080 -51.12425250 -884     0        240      5        6        0       
125   -30.04374080 -51.15743090 -2210    29       149      5        35       0       
126   -30.09337330 -51.17456640 -273     78       198      5        5        0       
127   -30.15069620 -51.14802900 -286     116      217      5        11       0       
128   -30.06762950 -51.14477280 -1976    23       143      5        47       0       
129   -30.03157320 -51.20731440 -585     85       205      5        23       0       
130   -30.06805270 -51.21628290 -1677    0        240      5        23       0       
131   -29.98198290 -51.12532290 -2158    26       146      5        14       0       
132   -30.18419360 -51.18635560 -1690    41       161      5        27       0       
133   -30.05934870 -51.19181540 -1469    22       142      5        47       0       
134   -30.01447620 -51.15151470 -2197    98       216      5        2        0       
135   -30.12204960 -51.20211810 -1261    0        240      5        35       0       
136   -30.14765670 -51.20696010 -1209    43       163      5        31       0       
137   -30.07139070 -51.19480460 -2054    123      222      5        43       0       
138   -30.17857410 -51.18029410 -2132    145      217      5        49       0       
139   -30.07982230 -51.16081570 -377     42       162      5        1        0       
140   -30.08919280 -51.20857570 -1365    156      221      5        47       0       
141   -30.08849370 -51.12448290 -663     61       181      5        33       0       
142   -30.06664810 -51.22987410 -1599    29       149      5        31       0       
143   -30.02889940 -51.18727880 -1495    43       163      5        49       0       
144   -30.00121420 -51.19156050 -1625    86       206      5        47       0       
145   -30.01825330 -51.12391440 -624     63       183      5        8        0       
146   -30.12656760 -51.21124770 -364     148      222      5        30       0       
147   -30.15894000 -51.17312180 -1170    161      220      5        36       0       
148   -30.00910340 -51.12915480 -1261    98       213      5        19       0       
149   -30.05340440 -51.18581140 -546     107      220      5        35       0       
150   -30.03646690 -51.11759130 -1820    109      218      5        11       0       
DEPOTS
<id>  <lt>         <lg>         <lTW>    <uTW>   
151   -30.10600930 -51.15423440 0        240     
152   -30.11385710 -51.14126960 0        240     
153   -30.05340440 -51.18581140 0        240     
154   -30.03646690 -51.11759130 0        240     
