NAME: poa-113-2.txt
LOCATION: Porto-Alegre
COMMENT:  Sartori and Buriol (2019)
SIZE: 113
DEPOTS: 4
ROUTE-TIME: 240
TIME-WINDOW: 120
VEHICLES
<type>       <cw>        <mp>       
Light duty   3500        4000       
Medium duty  5500        12500      
Heavy duty   14000       26000      
NODES
<id>  <lt>         <lg>         <dem>    <lTW>    <uTW>    <dur>    <p>      <d>     
1     -30.06016920 -51.18154430 1640     274      394      15       0        39      
2     -30.06992260 -51.19799060 4160     0        480      45       0        40 100 112 
3     -30.23396800 -51.09469360 4600     291      411      30       0        41 82   
4     -29.98033400 -51.12920090 760      295      415      15       0        42      
5     -29.98659100 -51.13074280 3840     34       154      30       0        43 99   
6     -30.07599630 -51.19991740 4080     28       148      45       0        44 87 94 
7     -30.06490050 -51.19019560 4200     358      478      45       0        45 102 113 
8     -29.99899670 -51.10518460 3560     0        99       30       0        46 77   
9     -30.06837240 -51.17957790 3240     322      442      30       0        47 105  
10    -30.04985370 -51.21642510 5280     181      301      60       0        48 92 96 106 
11    -30.00884170 -51.11863080 1000     31       151      15       0        49      
12    -29.98204710 -51.12605170 2960     126      246      45       0        50 91 108 
13    -30.08092480 -51.19311260 1160     111      231      15       0        51      
14    -30.06696510 -51.20284760 2160     294      414      15       0        52      
15    -30.07345290 -51.21416120 560      43       163      15       0        53      
16    -30.05304700 -51.18515210 2600     0        86       30       0        54 93   
17    -30.03020050 -51.18234040 2160     150      270      45       0        55 86 88 
18    -30.24246980 -51.07886500 1280     153      273      15       0        56      
19    -30.06199850 -51.17070540 3320     69       189      30       0        57 80   
20    -30.06042480 -51.20474270 3560     306      426      30       0        58 78   
21    -30.06754430 -51.16684480 2840     248      368      30       0        59 95   
22    -30.07020610 -51.17862700 1360     313      433      15       0        60      
23    -30.03839820 -51.18369910 3520     214      334      30       0        61 85   
24    -30.05622930 -51.18318730 3280     276      396      45       0        62 79 110 
25    -30.07308520 -51.22311320 3440     139      259      45       0        63 83 89 
26    -29.99907540 -51.15808710 560      351      471      15       0        64      
27    -30.01653400 -51.21284090 2400     73       193      30       0        65 97   
28    -30.05136170 -51.18798040 3440     0        100      30       0        66 90   
29    -30.04943300 -51.19250630 1960     339      459      15       0        67      
30    -30.03816560 -51.16870250 2160     105      225      15       0        68      
31    -30.07839470 -51.21798990 6560     329      449      60       0        69 98 101 109 
32    -29.98855650 -51.12007220 3600     182      302      30       0        70 81   
33    -29.98650900 -51.13151810 2600     303      423      30       0        71 104  
34    -29.98633150 -51.12844670 1120     195      315      15       0        72      
35    -30.07117210 -51.22090830 2800     159      279      30       0        73 107  
36    -30.10916120 -51.22044070 2760     112      232      30       0        74 103  
37    -30.22392240 -51.08372390 1800     160      280      15       0        75      
38    -29.98562560 -51.11998340 6920     196      316      45       0        76 84 111 
39    -30.02574060 -51.15010800 -1640    302      422      15       1        0       
40    -30.09365840 -51.22877660 -1080    0        480      15       2        0       
41    -29.99485080 -51.09651110 -2360    371      438      15       3        0       
42    -30.05734120 -51.21823260 -760     333      453      15       4        0       
43    -30.06782570 -51.16924730 -2080    77       197      15       5        0       
44    -30.05723370 -51.18229110 -1480    49       169      15       6        0       
45    -30.07894050 -51.19234610 -1400    380      461      15       7        0       
46    -30.11962400 -51.10175550 -2280    46       166      15       8        0       
47    -30.01149550 -51.20170940 -2200    351      452      15       9        0       
48    -30.08221980 -51.19476220 -840     206      326      15       10       0       
49    -29.99372560 -51.13802970 -1000    53       173      15       11       0       
50    -30.04371840 -51.15368510 -1000    276      396      15       12       0       
51    -30.18780260 -51.18530540 -1160    170      290      15       13       0       
52    -29.97826950 -51.11989750 -2160    339      437      15       14       0       
53    -30.21089330 -51.18185810 -560     208      328      15       15       0       
54    -30.07637220 -51.16362190 -1360    27       147      15       16       0       
55    -29.99770970 -51.09445030 -560     186      306      15       17       0       
56    -30.06745730 -51.16906520 -1280    215      335      15       18       0       
57    -30.05977320 -51.19097800 -2240    92       212      15       19       0       
58    -30.04735860 -51.17931080 -1600    331      451      15       20       0       
59    -30.23364760 -51.09465330 -600     307      427      15       21       0       
60    -30.06495610 -51.19764250 -1360    335      455      15       22       0       
61    -30.07988780 -51.16883080 -1520    243      363      15       23       0       
62    -29.99988210 -51.10415010 -1560    312      432      15       24       0       
63    -29.97810860 -51.12483870 -1120    183      303      15       25       0       
64    -30.07128770 -51.18124960 -560     385      461      15       26       0       
65    -30.15472370 -51.13553740 -1480    128      248      15       27       0       
66    -30.06076940 -51.15364560 -2280    123      243      15       28       0       
67    -30.06192600 -51.20738660 -1960    362      464      15       29       0       
68    -30.06795410 -51.17080480 -2160    129      249      15       30       0       
69    -30.02495140 -51.22333550 -1600    359      455      15       31       0       
70    -30.01467550 -51.20674030 -1200    220      340      15       32       0       
71    -30.01490030 -51.19860430 -600     333      453      15       33       0       
72    -30.10146690 -51.22427360 -1120    244      364      15       34       0       
73    -30.06258680 -51.19668640 -1400    182      302      15       35       0       
74    -29.97923050 -51.13170500 -2080    159      279      15       36       0       
75    -30.05652490 -51.22124920 -1800    219      339      15       37       0       
76    -30.07139070 -51.19480460 -2360    242      362      15       38       0       
77    -30.05527130 -51.14741190 -1280    157      277      15       8        0       
78    -30.05611660 -51.18328890 -1960    0        480      15       20       0       
79    -30.11123160 -51.10338740 -1160    343      447      15       24       0       
80    -30.15267690 -51.15094980 -1080    0        480      15       19       0       
81    -30.15250380 -51.14758490 -2400    203      323      15       32       0       
82    -30.02016410 -51.15631030 -2240    315      435      15       3        0       
83    -30.09757380 -51.23037100 -1560    0        480      15       25       0       
84    -30.07304390 -51.19173240 -2240    75       195      15       38       0       
85    -30.10605480 -51.15241400 -2000    33       153      15       23       0       
86    -30.03399020 -51.12026060 -400     172      292      15       17       0       
87    -30.12683950 -51.10917610 -680     211      331      15       6        0       
88    -29.99454600 -51.12535630 -1200    250      370      15       17       0       
89    -30.03332310 -51.14550460 -760     256      376      15       25       0       
90    -30.07552440 -51.22688060 -1160    322      442      15       28       0       
91    -30.05539740 -51.19484010 -1120    361      461      15       12       0       
92    -30.04874580 -51.15896380 -800     226      346      15       10       0       
93    -29.98735450 -51.13023530 -1240    351      443      15       16       0       
94    -30.04168320 -51.12406690 -1920    327      447      15       6        0       
95    -30.02912840 -51.11022470 -2240    31       151      15       21       0       
96    -30.04265380 -51.15596990 -1800    330      450      15       10       0       
97    -30.03004670 -51.12913230 -920     101      221      15       27       0       
98    -30.12510030 -51.23741680 -1040    34       154      15       31       0       
99    -30.01235950 -51.19213270 -1760    103      223      15       5        0       
100   -30.11027340 -51.15411890 -1640    314      434      15       2        0       
101   -30.00666280 -51.12080980 -1760    42       162      15       31       0       
102   -30.10962700 -51.23647000 -440     95       215      15       7        0       
103   -30.00541240 -51.11458290 -680     166      286      15       36       0       
104   -30.08089170 -51.17600610 -2000    58       178      15       33       0       
105   -29.98612350 -51.20060140 -1040    321      441      15       9        0       
106   -30.08965990 -51.22870980 -1840    0        480      15       10       0       
107   -30.11585810 -51.10632730 -1400    157      277      15       35       0       
108   -30.17595410 -51.19064580 -840     65       185      15       12       0       
109   -30.00511230 -51.14272050 -2160    35       155      15       31       0       
110   -30.13865380 -51.21325760 -560     271      391      15       24       0       
111   -30.12333900 -51.21663950 -2320    261      381      15       38       0       
112   -30.14299790 -51.21780290 -1440    268      388      15       2        0       
113   -30.04851800 -51.16556710 -2360    220      340      15       7        0       
DEPOTS
<id>  <lt>         <lg>         <lTW>    <uTW>   
114   -30.13728730 -51.21701990 0        240     
115   -30.01326160 -51.20055420 0        240     
116   -30.00293840 -51.19848510 0        240     
117   -30.05505970 -51.20681780 0        240     
